position: [0.7, 0.3, 0.5]
quat: [ 0, 0, 0.258819, 0.9659258 ]
